 22.264406 -97.785190  1
 22.255300 -97.868600  1
 22.279510 -97.886620  1
 22.255300 -97.868600  1
 22.268698 -97.859190  1
 22.260176 -97.850970  1
 22.262945 -97.874344  1
 22.273281 -97.853510  0
 22.233760 -97.867220  0
 22.264406 -97.785190  0
 22.236353 -97.852690  1
 22.255300 -97.868600  1
 22.264070 -97.850700  1
 22.269627 -97.873985  1
 22.281025 -97.843790  1
 22.262945 -97.874344  0
 22.266880 -97.873700  1
 22.255300 -97.868600  1
 22.255300 -97.868600  1
 22.248490 -97.878720  1
 22.255300 -97.868600  1
 22.266700 -97.833300  1
 22.276705 -97.839935  0
 22.255300 -97.868600  1
 22.279510 -97.886620  1
 22.252235 -97.873540  1
 22.255300 -97.868600  1
 22.268698 -97.859190  0
 22.255300 -97.868600  1
 22.269201 -97.853850  1
 22.236353 -97.852690  1
 22.264406 -97.785190  1
 22.266700 -97.833300  1
 22.255300 -97.868600  1
 22.233395 -97.839650  1
 22.233395 -97.839650  1
 22.233395 -97.839650  1
 22.233395 -97.839650  1
 22.233395 -97.839650  1
 22.233395 -97.839650  1
 22.233395 -97.839650  1
 22.252970 -97.847750  1