19.470146 -99.125557
19.443420 -99.164513
19.432600 -99.133202
19.432600 -99.133202
19.432600 -99.133202
19.322041 -99.096306
19.411655 -99.165901
19.457649 -99.069328
19.483166 -99.133232
19.404564 -99.092087
19.432600 -99.133202
19.432600 -99.133202
19.413601 -99.033096
20.157000 -98.189758
19.432600 -99.133202
19.432600 -99.133202
19.432600 -99.133202
19.432600 -99.133202
19.420063 -99.166672
19.432600 -99.133202
19.426846 -99.167633
19.430439 -99.130882
19.411655 -99.165901
19.432600 -99.133202
19.405058 -99.095757
19.405220 -99.094360
19.531414 -98.858917
19.447416 -99.152832
19.432600 -99.133202
19.432600 -99.133202
19.412142 -99.165260
19.422977 -98.982430
19.434351 -99.143288
19.405058 -99.095757
19.511335 -99.041313
19.432600 -99.133202
19.368740 -99.121429
19.404758 -99.091896
19.410570 -99.174850
19.432600 -99.133202
19.432600 -99.133202
19.422977 -98.982430
19.422977 -98.982430
19.434847 -99.131523
19.432600 -99.133202
19.458115 -99.069191
19.432600 -99.133202
19.422462 -99.164108
19.337490 -99.058769
19.410336 -99.169991
19.483587 -99.133041
19.432600 -99.133202
19.412945 -99.162811
19.511335 -99.041313
19.419361 -99.114723
19.511335 -99.041313
19.444315 -99.154297
19.404758 -99.091896
19.405750 -99.137138
19.434921 -99.141365
19.555643 -99.208763
19.440897 -99.165733
19.429039 -99.162086
19.405041 -99.144707
19.441105 -99.146866
19.439722 -99.134727
19.436243 -99.069557
19.693474 -98.847809
19.432600 -99.133202
19.432600 -99.133202
19.432600 -99.133202
19.400238 -99.085472
19.432600 -99.133202
19.424488 -99.154663
19.404758 -99.091896
19.521318 -98.881653
19.401512 -99.087074
19.432600 -99.133202
19.432600 -99.133202
19.369778 -99.071762
19.432600 -99.133202
19.405058 -99.095757
19.432600 -99.133202
19.436258 -99.149406
19.432600 -99.133202
20.328501 -98.663597
19.733299 -98.966698
19.420883 -99.073761
19.404564 -99.092087
19.426435 -99.167023
19.405058 -99.095757
19.432600 -99.133202
19.432600 -99.133202
19.403610 -99.085281
19.427443 -99.166092
19.433300 -99.133301
19.432600 -99.133202
19.422977 -98.982430
20.124910 -98.740173
19.432600 -99.133202
19.432600 -99.133202
19.432600 -99.133202
19.432600 -99.133202
19.413601 -99.033096
19.422977 -98.982430
19.422977 -98.982430
19.419445 -99.145554
19.432600 -99.133202
20.158140 -98.203232
20.157982 -98.203659
19.432600 -99.133202
19.432600 -99.133202
19.849394 -98.481445
19.432600 -99.133202
19.416647 -99.156715
19.418835 -99.155708
20.251801 -99.060898
20.484900 -98.884499
19.422977 -98.982430
19.432600 -99.133202
19.422977 -98.982430
19.422977 -98.982430
19.422977 -98.982430
19.432600 -99.133202
19.532778 -99.130554
19.683725 -99.129562
19.422977 -98.982430
19.422977 -98.982430
19.432600 -99.133202
19.422977 -98.982430
19.422977 -98.982430
19.405058 -99.095757