 22.264406 -97.785187
 22.255301 -97.868599
 22.279510 -97.886620
 22.264650 -97.786034
 22.255301 -97.868599
 22.268698 -97.859192
 22.260176 -97.850967
 22.262945 -97.874344
 22.273281 -97.853508
 22.233761 -97.867218
 22.264406 -97.785187
 22.236353 -97.852692
 22.255301 -97.868599
 22.264071 -97.850700
 22.269627 -97.873985
 22.281025 -97.843788
 22.262945 -97.874344
 22.266880 -97.873703
 22.255301 -97.868599
 22.255301 -97.868599
 22.264406 -97.785187
 22.248489 -97.878723
 22.255301 -97.868599
 22.266701 -97.833298
 22.276705 -97.839935
 22.255301 -97.868599
 22.279510 -97.886620
 22.252235 -97.873543
 22.255301 -97.868599
 22.268698 -97.859192
 22.255301 -97.868599
 22.269201 -97.853851
 22.236353 -97.852692
 22.264406 -97.785187
 22.266701 -97.833298
 22.255301 -97.868599
 22.233395 -97.839653
 22.233395 -97.839653
 22.233395 -97.839653
 22.233395 -97.839653
 22.233395 -97.839653
 22.233395 -97.839653
 22.233395 -97.839653
 22.252970 -97.847748