 22.264406 -97.785190
 22.255300 -97.868600
 22.279510 -97.886620
 22.255300 -97.868600
 22.268698 -97.859190
 22.260176 -97.850970
 22.262945 -97.874344
 22.236353 -97.852690
 22.255300 -97.868600
 22.264070 -97.850700
 22.269627 -97.873985
 22.281025 -97.843790
 22.266880 -97.873700
 22.255300 -97.868600
 22.255300 -97.868600
 22.248490 -97.878720
 22.255300 -97.868600
 22.266700 -97.833300
 22.255300 -97.868600
 22.279510 -97.886620
 22.252235 -97.873540
 22.255300 -97.868600
 22.255300 -97.868600
 22.269201 -97.853850
 22.236353 -97.852690
 22.264406 -97.785190
 22.266700 -97.833300
 22.255300 -97.868600
 22.233395 -97.839650
 22.233395 -97.839650
 22.233395 -97.839650
 22.233395 -97.839650
 22.233395 -97.839650
 22.233395 -97.839650
 22.233395 -97.839650